42312
23093
1237
31929
2426
35321
12633
47482
31260
17975
37826
8428
1600
51290
55600
31119
2050
59463
3162
40073
13918
36713
1938
57070
23616
18298
41347
4144
52019
59555
37163
52526
22542
22742
59042
49347
34510
57799
48483
9748
14102
992
32233
4487
51160
1168
45530
51440
27354
20576
40678
7815
8477
57566
26082
14724
5575
18702
59483
58897
4225
13986
21538
32210
58655
27075
30805
36727
55129
27007
51729
12752
59631
50030
23394
40283
30973
48970
40020
36520
58998
10845
48213
52361
44777
29531
7261
12684
19929
38843
37856
17577
27429
48951
43989
3474
17821
16052
59899
14129
33024
38468
16216
55754
21928
54315
55560
10601
38108
57715
58960
44651
43038
56396
53918
47510
29808
53697
17877
28732
47678
50847
33250
12647
36794
26452
15960
36886
26402
27185
22629
42254
33441
21621
958
23936
27364
55496
8690
56768
6695
48077
32671
40765
38465
28770
13570
762
11352
1685
35764
9746
50660
16220
47187
3599
2216
20480
15739
44136
44806
39175
47892
35808
44516
929
35890
17170
27146
24026
29082
27750
39347
51352
57784
9726
628
2767
56896
56709
14219
57377
20304
1636
58781
33611
20936
21480
18284
16540
1278
40203
8435
29027
13527
10426
47873
35286
26397
25973
17053
21947
13137
3080
35145
48736
6217
58418
52053
24572
11248
21670
34996
45870
58221
56337
27862
43849
29569
21598
33197
41728
11483
28554
55774
48830
2777
7891
19427
16826
56096
29810
56405
34752
43790
40756
52423
43806
51411
15517
54656
30990
32885
41687
3872
40778
6370
45680
22008
13798
49372
24952
21672
38607
7837
12463
16116
50422
25752
3946
10044
37780
30288
24288
23297
8890
52204
39338
7664
56975
19101
48138
11978
12238
3044
38194
57413
8171
28287
6354
16630
27686
10499
52122
14232
56773
30496
39450
42945
43614
59372
24343
38164
40128
24275
50479
19606
32402
56241
8297
3911
45455
29297
41910
49836
22182
13762
30665
9784
36283
32282
30968
19736
37862
12179
32938
48398
20913
26519
17388
43428
9185
35193
42010
56517
10363
46481
53983
37819
46376
56568
37229
6445
16051
12931
54180
12589
17186
41366
40305
2004
58107
47910
9489
39962
34430
23892
36570
58126
28128
24197
55048
44972
56116
54475
23573
38432
48563
32643
47617
23598
38569
9467
28055
46307
28187
33931
6458
42433
42248
18213
31088
24566
1079
24162
33713
46481
36594
29337
25811
50171
15860
37988
20813
28359
35280
36661
8281
8082
14811
12381
37129
47867
16397
48929
20059
9063
30834
2773
56457
1571
5286
29235
17464
54062
17314
16046
41280
14683
37555
21356
56982
42648
42362
2856
35872
46248
15835
42202
51277
15641
8571
6103
18971
36767
35703
45302
22324
4918
56376
14268
29435
12820
31540
31080
24133
54405
43642
20641
22879
45076
39844
34520
14887
32030
3124
38487
43895
29802
29698
35946
25035
26360
3120
17802
10227
19975
10236
4124
36057
24932
35332
59305
43674
18279
54528
23347
2307
44967
30941
23455
26683
22362
18603
56997
14588
27224
52630
40197
34209
3898
38661
59527
32339
30548
46477
22628
34014
56611
5919
1555
44544
41496
10968
42105
37435
19403
57179
52606
15293
26394
50132
50784
35753
8078
35105
5817
5895
9425
58131
30931
26180
13024
38714
27291
41671
59173
47054
38602
17080
25765
42344
43919
31705
23635
27258
58859
26175
16762
28630
46661
1425
21337
27193
49421
29839
21515
23116
36372
20710
15386
53805
18810
51118
2736
5530
40340
32221
39491
28818
21949
25945
31803
47557
53082
49944
14489
47911
32184
49447
37151
39307
57187
56438
47588
13500
15053
3440
9502
48892
3563
40218
22429
29849
57466
4506
48929
33681
5146
47598
56870
38889
10299
46752
1507
23257
18037
11386
9418
11483
38129
54849
16953
59926
48618
40703
39688
35628
17651
58164
17488
55640
44029
38961
12896
22419
22700
48191
45914
47650
52047
47037
39294
16056
28986
8693
8030
54965
1897
19022
30274
9374
40652
32797
9583
59200
46430
9902
26026
29625
45807
14177
16745
57956
29821
259
3437
42684
34519
45771
36916
56781
27093
699
26454
56171
11607
21606
7873
56370
18041
27832
52056
51944
26016
49422
37051
40617
54279
13366
24780
23579
19320
24905
29073
17288
12177
56392
38191
1630
58580
8191
42649
7614
31030
12984
18249
56152
28204
35903
50332
1274
45818
1121
5016
5216
34585
10350
38662
38313
50068
525
50801
27669
18643
54720
6156
58978
16561
21447
30138
9405
12573
13667
20142
16719
19092
35284
20958
13692
6262
34143
34748
46764
24059
39759
49975
34332
9487
19124
40280
41581
52370
19844
54642
51673
36570
12788
814
22751
47088
1511
850
33914
35278
14056
23802
8826
45689
40287
30023
33745
26677
47884
25614
2525
54848
28057
5755
21287
8828
31736
47310
32584
29760
51132
51127
6961
33682
5489
19547
56980
54409
43999
36492
50376
35367
51884
30563
35020
41562
45619
4220
56527
37938
28977
16928
34881
29431
54944
43558
13517
15182
46276
50648
39788
59132
13281
48018
42665
5157
50989
12357
19584
37328
51410
24447
29979
6360
10931
57084
31361
47143
42709
12176
7790
10550
10453
52486
17979
43272
22818
57060
48972
11943
46728
25310
25512
52391
52931
21576
27372
9845
21866
10835
14192
58066
43917
5323
28381
16206
38538
42453
47617
23088
18881
10180
21667
17828
19414
13775
9074
21598
28300
30483
17342
4426
17459
7833
58459
39323
41049
48925
16373
38617
51975
46236
3251
24231
51457
30680
38761
39585
9599
43500
3293
58489
11797
14928
40125
37139
29186
17102
56925
42456
49336
18375
56386
55464
8901
19137
46160
32830
28781
22879
28308
42636
58720
5701
52328
56168
7083
44942
59417
45484
57659
8299
38038
13221
55073
7223
35703
23333
45743
10258
2900
13881
47145
42365
11057
26024
45191
20741
11877
43664
58535
55037
52369
45836
50240
21508
54285
2413
22821
42537
58539
16336
53725
1639
46155
47521
21107
15329
37381
114
51088
17382
10730
18682
22955
50078
18403
59117
35778
3680
9632
48153
53525
19795
17669
28755
38962
17890
6081
31265
21613
11476
50708
51922
10531
30077
53198
7704
41738
39806
2709
18792
56351
15477
34722
37858
6882
32203
48202
16278
52852
39092
52629
26387
10369
40581
30228
15496
16719
49849
32727
43349
53127
29604
21507
53222
28005
33793
44620
52598
55406
13735
11738
18453
44288
